500033918
865448635
257360895
851582942
26880960
202339560
332596282
70428702
728956542
15290370
1032651525
1004617076
48103546
487495126
644105130
786823872
109006888
943606755
649480630
327084605
725317549
220581419
304662925
1059290922
656212629
328815142
142805627
817743767
207541848
844945087
458255091
288089497
601045141
445642331
831718735
549804086
29719554
1005334587
660433163
660221803
1406624148
1882336629
1379359895
449781208
1413155467
1751670148
504197455
1792414712
1252228310
129328585
466163790
1610234951
1246775385
1860114752
297230779
278069883
1746215420
15083438
614353943
1952013495
1693529217
1411544238
1144206403
1545149698
1619984960
1246460868
1452617985
2062056346
1927818038
245513458
1711346723
1651507390
536229554
2103724206
909004468
1501499606
530783907
1070333956
263408616
1562017236
1369334438
1432360272
153909940
1940733822
636908205
5401801
1059017086
1563720992
495353012
1899848820
194395472
381710457
1852792838
164527364
340030048
252280506
566576696
869213696
1783443470
594882384
1954900066
2018781482
440410907
76094123
80892727
242122624
1075193414
290592040
944601767
2085641248
1477536268
2035293457
1242454242
1993226083
1277696517
1161367400
1558841757
1038618353
1234139261
801714920
997549440
1260473308
2094150776
578893022
1470379796
2134002990
1645704319
769591997
606564994
1847346543
1876039694
239029647
311896079
1507459429
1304323590
1236024107
1727935517
372800038
186283230
2033147648
1208960332
1894191765
1195328488
2058756826
324079367
1667064320
892879503
433146871
1478562750
257776864
643318009
2063352115
24603724
491410287
405236851
1041853418
1338057399
1081751342
1464936057
995715725
414255359
1938561535
1043740725
1701391369
292556984
676599572
1595629672
837046019
1843998268
205539978
424046690
1697846053
1668439905
2029078147
1592927838
272646539
269095387
553801593
518877966
2145924807
206316400
276433815
87718762
765615653
2104317946
662776628
663306228
920339664
233592901
637874587
641668036
14250894
1133523836
474219772
1814038844
79919955
1691555569
2035117787
768148475
718749295
2051804265
352988737
1074010260
990934280
728315192
775775808
1441465435
240194801
635714575
1261046851
1903243314
930489003
482749444
685256753
435715956
1295678032
2064600716
631195105
1070690502
1671181403
1128286084
1251830292
1932473260
1993029226
1393451262
2122660888
458111759
1097821334
1646161696
395134243
24917341
1057191775
354056459
1815612391
1987985364
746793699
362414545
486046168
1512793138
1202929577
181159136
895973566
1428577502
1833708778
549194401
1954898354
1555186930
731571
1990805602
1945185160
869758058
1125203188
1579879831
1639909767
1972130596
171574748
1011430508
1677198655
833519152
1472820511
1502287704
2055293985
1853427861
1514423821
1851934354
1603152689
433652585
1859136515
1959873371
555959539
1320689899
1184435405
468655840
212498339
1532385365
360729473
2141656475
1662533614
356872932
1982464714
1971084039
2074693513
349862397
318665661
784795458
2098728782
119496991
663700144
146627646
1303921003
1672505589
300288909
1945505277
1981164423
875451153
1818184977
1547385493
2040282935
1610954550
1594568264
855380179
723154388
577707404
870676985
1182476283
391341376
1517751828
980885130
168131724
1846836694
821642140
1852923771
1619150455
927094000
1806854076
37556179
1052262926
49889706
894048281
1167682596
1880975850
1245059812
2043752273
1644573057
912327049
714281871
114301346
82386309
552880899
1650855917
138088964
1600681157
1226533470
2095723669
1840011588
436089291
2016033744
479032179
1981380589
881075525
1439307357
744321131
1415530849
280260376
1131677562
2090948916
1673412392
1802134593
1479769505
1312576162
990006800
771491794
1496257586
757614141
521615853
960502934
1765681319
1214924723
386488303
1797678441
75117786
1686316729
256377077
1872101584
1200122945
1200890419
1779594990
1208490440
1221875762
50483329
854481404
1384449725
416710150
1216434783
1930453714
769597546
117464314
1217996202
1618287668
901413973
1891974194
843079123
1201294639
1048983915
217326818
835537565
1912635360
986668322
786380605
1576212609
1590056554
1245657970
600903783
186064783
139487479
224403902
1873681086
1878662082
1025379141
2014659512
833046827
1506432527
1477790671
912788204
1946120502
2089619189
838105800
1208553987
394819024
1144224891
122381086
755501864
326445424
1829120084
945357670
1741192928
347568893
1214129953
1867741691
1793544105
600059404
1693322344
1685746536
513113244
1111650776
875910904
1712268323
1448816703
1779238360
398874047
1676237609
832791320
2074818078
896758744
606284477
1712914641
523842309
96676413
1738618380
63767734
240266790
648301254
1364554926
861955827
382081989
830954759
781874457
1999311262
2144369657
2100913696
519136226
1983260896
536965235
1351183161
264057406
685316222
1784774599
1279604745
1090992166
315099128
477390582
821123758
1269379757
2138379851
782762941
123880307
57689077
1713859891
1376846961
72841715
12389158
1868174159
1552056175
654849679
500764847
2029916868
84175796
1170415639
1811823995
1016681071
1665337929
834679778
238950621
119766479
2133417550
1874465179
1862806687
686575372
1805017497
1145058025
1686970682
1934712419
585316944
1108036079
1465068538
1767530512
1291651578
1797197287
409735371
2041262542
1887437060
1321760771
1332496994
756238093
1361524645
1141189199
187117649
1319851354
788164323
1317938986
66727678
1388331927
513215474
482217278
391255141
1300849030
584459108
1592721444
1867927992
2055935235
1010257613
769751495
971851562
1697469454
1929065152
1946702525
1512458418
44504531
433083097
1253534680
1728783585
109722471
1398752661
918034844
1188247740
1920471632
128847912
345324277
600460408
149445271
642585313
259870236
670244389
366704840
1171210934
1892943222
529034170
1983907268
1883375749
470235174
2094159846
617102112
808395963
1990021938
356805351
724843549
262548009
1492990044
1311390595
1229088044
1816620425
1209273659
313076657
1846615181
1540050561
740514587
922686117
558791099
1296315591
2074572466
1155549668
88416624
295176781
910432626
1204245184
903757462
957045730
1078934768
947212600
298980049
1569542597
436863796
195242273
1697599685
1987529994
723150776
1529899147
1492458958
2133291133
1141716027
83584138
732435603
648113192
1088581154
1580811719
28977795
1608853597
810881946
195371313
1843005347
2049066885
467430915
1124809982
508184955
1324820486
126757498
1051604120
330319711
1486957763
1953197220
805527379
865498344
1643871263
472718787
1304497147
1700276518
2036342160
129781483
2073757161
1162421824
1281895296
151921371
1104630523
229335438
107508143
2127912157
1513689135
416557972
1822822936
763633620
1777405908
1599486613
751253522
989296974
1657231046
385056270
440491589
1872313369
1118048912
27994490
1924090785
1393890488
109587221
1208567327
64448000
2028538298
238299119
30243085
1704749653
1164652816
370610164
1191396855
1637181530
1735544813
1736922612
642911215
1821263651
202205861
679498317
280308755
77544252
742161551
697322360
1183279080
818758773
1621181001
678635638
1358299383
1682131256
1231643204
674627940
82735756
952964633
1304710016
1870202578
578823963
711802440
90863307
1789470406
888999146
1790274253
491260788
1332939111
1204371552
1617258968
932993736
936274039
630272390
1728451799
569784455
1574777073
1275033819
290395708
1769625286
699731053
1222188347
1091455224
357057199
1343951978
593763442
48386871
205339918
1501499174
1289945903
1292794497
561997793
34501090
277698426
1226190866
401741710
2026635493
2144155787
891385719
2076517924
1227096522
222645504
715718845
1453334126
311102565
88754480
453208543
1222466473
899426242
1588336819
613766136
1861499363
220147810
1712618331
1860848675
220154140
36528612
512954385
1366587221
133110209
116934595
140383186
1394948230
1080901733
1530869414
832453619
413951296
482807906
26301891
362444072
1644191164
721052272
1473998183
1153856822
20209613
1788834735
529037315
369241413
173954144
1776968853
1028009535
1862087806
1563703907
543910718
529103392
411773864
1984003754
703858728
949690836
1723596996
1912624128
44964002
1255016453
1811304128
891517019
575942007
1188448692
1661673934
735076183
276633885
213264188
1245670562
988484424
489060187
1940923315
1244953011
2008243315
1895440849
165676198
2105034045
486556157
917056280
668749386
1214917232
594949306
1472346734
1596541605
1902406493
843087854
1571125178
973023131
1007513072
1686111745
397092519
69229250
1271167334
554661465
418060071
1712854556
1931039438
1658737020
1523067330
1127822412
221134314
402197241
963776252
2013221947
1148457897
1644975044
855451734
1693285287
1488412046
1546086458
928977656
2034192795
1946511413
299321736
1784893576
193280714
324620791
143998776
1468749362
838864745
941783065
905973329
857820698
1555850608
737428647
1528498960
1190361213
1180919216
23932921
808987409
68030782
1825637460
606294520
1639080444
1758997115
1931032766
1624517244
1312627304
1743456073
30745352
734813500
707073264
1417748835
2136746673
637826776
1629948438
1051745620
166683068
181280791
1339564185
1689584622
790824117
1611599514
373884875
1290678450
157893690
1092973207
707071917
899824481
1763254927
831740473
316080322
1220871392
1021655272
1644510037
887447992
2080994898
704601260
559970090
878589735
1598370236
725968845
40135537
1259689004
1953590861
1126253774
1280336101
493049674
361462413
458114183
857674445
1762215513
1618350430
172898175
1957514472
1984374232
1229783429
1211333266
1558801048
1665159174
606146655
1233470170
238105090
875434
1373242397
1964576099
1070163155
1521054360
1045904793
711265113
25891959
2117555345
1605987837
2007901027
667037703
69938221
1157104502
1363489509
145826809
1525104209
1174749498
82278718
963083037
2142205710
1005341234
1606431766
529816881
904079156
2099712126
1951366510
464197296
393114673
872685415
1954179614
461789178
1498046683
1983603030
1102387940
1486253824
2009998986
425084573
1223311459
1237921210
1074675503
2124354677
51732605
1548183954
1047164709
1462004090
785726901
1410535955
111411790
299435845
2085250213
1297115867
1275748532
710083356
544368647
1732730038
1468471548
136533217
1886128954
1458311086
496982630
1087389825
1049624990
2001488376
1909087924
701713749
454582894
870865717
766193819
1997299874
1030503039
1396205921
2030058302
1478913116
730291459
1738504503
141111190
488265526
1358067418
163141058
1247217881
1682180201
1101743940
559366288
2119855601
88303430
1044397082
760426050
990909495
1022655409
1966085739
308508267
497487869
1941995323
1475630468
985424533
1072435027
2029340545
1655771730
152193631
1176722205
701573151
1191917589
775827175
1960793277
1639467973
56426552
1388468996
90586061
1124882873
958220560
282492280
973410623
952332392
1463617785
917509732
847473831
726731915
1861576868
1851786139
1831234792
2126923720
580461521
249648667
993017101
199822241
962601199
1339905341
1332030205
1416181159
264182141
849102326
81688076
402746954
118692907
673541500
284850443
1369913201
650730491
726026534
1436960791
692003299
1021857642
1815699819
1004809535
1603211448
776407048
1636051168
1164455318
1821586451
1428377402
1077689304
812980627
1338335995
1285633234
1298471282
1637569308
3687346
746664299
543296232
705970104
1668369239
2136036041
909059878
986055895
189756773
238378582
1485965927
483865643
1197439743
1760910513
254086779
1595148811
1169453441
733352194
612709434
1636973028
1079135478
75320674
1098580429
2043546158
1875924810
1298743223
1923115310
1958944500
1521746853
1846484701
970549476
784075358
3495899
1717185091
1062824121
824652901
1175611461
1010762168
1782806065
1144877061
336683549
1377063913
1871598343
1880113826
1638611012
374766944
789668742
2134971745
1130654951
218517648
1759601729
584581646
1692826832
2097625434
1671823551
1677529193
1722436108
965220414
1853904613
1499742707
349584451
2073783182
1444021464
1806572295
1500933542
613244953
594090848
1553350613
710361997
1732516219
1521384599
20216782
1676018887
209460562
1130843915
477260762
1539463351
932663010
931528893
845900285
1495366464
369384804
1945133554
230780466
1228822547
2032038839
29892121
1384530660
802231102
2036813231
177803900
1074529061
1194871213
141176112
1499924711
1020809378
2139110830
509492110
1141208168
457463613
506139780
2140361387
445278960
1756960540
1318143470
627643946
18505920
169301035
1875138890
847846729
1603090852
1463879074
69349038
1582040602
785323826
1866027000
238501240
1315267702
791093996
17972825
1321939336
1232028948
172967915
1065888640
1882090414
934031729
1898916422
242630047
472922129
494014813
1654746203
344069481
636760162
1553101349
789201159
1744056348
847464016
462232377
625891915
2111379188
916529747
839339754
1140797522
1794573167
2119830645
1781602356
1742472485
983964486
2020542827
250307870
1473520464
99039736
382147042
1988520363
663952814
1474569271
1302680287
195367169
455019038
610295245
383872253
1486429957
472807241
770378747
1549167391
235949334
151008513
1610160090
1266951425
729099723
524117667
245764292
665143253
417693026
691567066
1366360550
88372394
813645634
1297033045
1220873282
789929997
141128193
502819227
58878311
1033137495
1083182556
636839780
2027294708
1866601932
1234909246
585893994
1673993480
638663824
200108096
67060958
1951819813
163657392
913914419
1696212604
28061932
441125078
1454989230
802109711
1573545313
1000299806
906429958
1762003120
478828333
1663654539
1315054219
2117997054
1547385535
1617850155
1306227847
478179523
1018837241
481182667
94574222
1481720272
1799650699
62028830
1860792864
1185578913
1441006567
1712724762
507128412
714094229
2086753028
620835658
204025348
2049801796
833815999
1144403510
468060797
1009019456
1132355348
958942731
390340118
2042131664
766128634
934884747
1402166352
894436525
234564692
685638042
50406000
54475220
1573468887
1069755923
1562793050
734947218
1553403354
444421099
839924908
874531210
1364285606
1752897152
1855456306
1413569847
187123366
164703192
149499063
1439570273
1714028683
1178873159
2138260179
925721399
38365069
2004580799
938749016
1517818618
1070874431
1666582496
780209182
1334269180
1236487169
416879351
1532636542
1476671015
1694973189
1930853978
1227830386
1001214207
1751200388
806551831
1023948180
1532057350
1887507225
702884289
2101771987
1895171373
14369801
635769381
556875117
155796974
507511000
261041330
169087998
1061493030
1726570664
1672290421
871448206
405102401
1574508827
1335044837
118123327
749894559
290404708
1139678205
1353482102
905271066
1221617936
695093439
1671457813
440941397
88153639
752691990
1936470282
929776871
1086141110
1315403766
1451048399
109126859
230901932
1182818613
2139124022
1338180069
1489113347
770966508
560074217
1443767704
1612676736
717442910
1912937678
1370180650
1978686145
474965612
1232875504
44509284
282098657
1574250114
238820370
1759205911
342172556
582032405
1995536080
907083790
276971359
563182341
926498782
1184004715
792874195
1136410299
767562118
2016812046
1039549008
767126739
354222521
850093462
1174482112
401158924
1179856178
1383151415
294608823
41037630
626341177
512959084
1718959504
194201932
2130863930
1354958911
1325670556
1039416309
427115701
2052083560
624436495
1799950242
1474180222
399787485
585259147
586879314
303130950
828584199
1121483032
256919345
283771504
653657676
883754538
226690139
1891782590
1780763020
1665294389
1011820023
78131881
1116614094
26164167
1876894376
2071946619
1860962880
2079879921
1524659296
1868499401
297418932
1425347678
1408634458
412683631
1898128272
1351632820
2016555039
1028664994
538122755
801204339
731317841
1790854164
1842375518
1375040717
1298812399
399259032
169836054
2021737911
985295661
1739607935
1574659186
909790556
2102005727
2145925410
438720801
774390341
1936490305
1837056498
1254779582
1844329418
849826067
181366046
508758497
395384968
693721723
1693656930
492441329
1545954354
880156742
1670989166
425485825
1296979376
2117601058
1461391567
1047748353
1021191404
666649207
1157972011
1359617634
705783379
1985155543
1544904266
277094117
42405157
1389888324
808850574
1831162132
653739061
478610903
1674278820
727461937
994138945
1157135644
912208694
1933918985
1312695110
1237674826
1332366366
538267365
1849451051
967648967
403397386
791168086
497030201
314795888
2074550736
462837076
474361942
2010727278
1508717753
1015164433
1417427851
1042949606
59599535
411916037
1525505641
80769413
119766148
1633379064
755764189
2076142586
78535216
223022273
30963983
1128426348
778058744
1295346438
207965297
1120107478
1663637323
2711076
1106932804
467949745
1670799061
1205028549
262556239
367024581
1772762280
737293012
298065614
441977511
2056724615
718816519
1332938904
1725721895
56510588
1277102618
298517681
961180828
101470701
866720339
1311210683
307194675
2126738608
551770327
1062941612
1728142585
781134340
1446540020
1108559912
1459168840
76244005
1024407222
1117481603
678690822
128979866
1081616563
1959024178
887238159
756302496
2065641727
669067240
520385338
417807104
1138909353
1119317333
1390104297
1955028752
1036533006
1920229869
572799831
1970235756
885465949
919340418
439813559
324349512
103633296
1793599106
684096089
502425561
210519900
1696536610
940079383
431171973
1009137405
1988179775
158346219
228001639
1183667961
929895200
405169781
395915956
1766330120
873626014
2059368686
2138310248
439241647
2049645357
103638665
405277608
2122515609
990009139
1664628240
120592595
1356750009
1817910871
1965305896
2142837721
313353266
745369376
2112362888
1278043073
296050053
1179199821
870730603
234497286
1755252013
72102504
1107894397
2116112179
1354908095
151804830
118774179
1228029189
524291578
485296929
431306386
826956319
273762034
262276582
1262037243
558264533
948135302
1220870416
881676999
1960471586
1754881851
1498162136
714875172
2116248365
1468741622
1731557121
398328236
28716532
1089548117
79576560
1847138354
919995370
1406817889
637350240
1170882082
620309940
588727462
1800406722
307565767
701632147
92888185
1690505801
727667244
1870822976
2080642014
787548449
119697810
1706061903
382219680
874975262
1757032266
507778114
502280032
990192850
2113092881
1597909274
52187175
1928927569
1189349966
2021681872
1555645289
1605398895
721047684
205156288
6891007
558381631
1912164934
1063461307
425681036
1030714116
1542348878
1133999116
261634506
1144804512
2125665486
1460865027
1784296544
1017976181
1341531352
1589468113
1024478260
270090770
1424627692
21132342
1489524857
1855067819
2009802172
1534211399
1454386587
773987197
1212895260
987441966
1407919006
29960174
1557357068
552233406
2050834
1577855014
1033724235
1772696820
2071023513
1137209689
217801011
200542161
823865597
2114223935
102247161
512585503
347632287
777463860
2126195907
2111509147
780553936
899233281
179515935
878998060
1731144711
1787894153
217062493
1506812389
1483958370
321216204
163187146
75723198
1754877958
1324228855
274951795
1541931161
875328658
371030396
1495431839
1764851428
2143115246
2050568284
1343704734
1052402486
1105614426
1713183690
1362569666
176115525
1366700693
1722698079
1851994014
910893209
611265801
79702610
815726636
842733565
1580735436
487815019
1050168926
2129396167
1050415582
744053336
1679122633
364925451
1210343772
1038686523
731973047
1846429369
1201681277
294616007
1222137829
1798711352
1003965656
663683890
2002786942
1010373879
1050226831
860832642
903890140
1137250937
1921520608
544166787
744358183
505090541
1396116588
85592006
116144879
1122965886
1356473237
242897792
855798487
669786451
1585999095
609110448
2022060981
1412649054
1481453254
1971221250
894520861
1424629444
429857421
1107453760
474760695
1912760263
2041342018
1334531124
1150511169
845746162
1728906370
1020092707
22086123
161025044
1813268906
1673728686
930483611
1443048533
505025111
1255632444
1895710920
65366178
1388139965
1251442306
179198116
877933636
42433620
672101491
483470037
128650821
76886240
1307129469
1410146769
1845892146
260144879
1805856787
1073097535
1491816918
1643652564
928647934
1136736753
1559298580
1193624638
1787060430
1269717482
264192350
1191448554
303451721
110892242
684083366
1734956513
416758934
321475397
1477256105
418995524
998336988
1559713605
700930069
190274177
1749569605
123434965
1157836765
583613590
831544492
209410882
506271746
1113342495
1440764208
1031958498
1707685575
1509972080
937246065
351143585
1856853302
1628186876
814770290
1182430647
2067533839
344927021
518738030
1406939292
1295021676
1794189141
1926253756
3676762
1855212959
1277907320
1312778180
315826212
1043142478
620325519
62525769
846356035
765228380
635897835
1707615279
215220959
638730894
957620082
315968051
1129861334
72182927
1834887756
885208778
204763924
1995274161
1078750813
357791216
1594099441
1810579616
508253599
1401517272
1514564689
2069250217
1033444863
1239248883
1894137163
1689262519
603003920
592739564
1154121595
795019118
597102815
724842479
571626914
962295617
577131826
1282486322
34485228
719405549
96484910
1338931691
1143939669
731197787
1966494233
1681803011
2027569963
816776989
1123445780
481063806
1358499268
506610208
310056351
808464266
1882029301
1299787353
2077509216
1163140724
567245806
1830570677
1673680079
763514340
115345549
1361209981
47647622
952437638
1116103801
1791842067
1565860810
1967065637
942279851
836384201
264262999
1487537929
1629045053
1870078820
1623202743
1341392524
2109420317
1668223170
731795775
1447897089
2122217833
921068965
961176857
1123706732
771954301
20270211
650657266
1603287325
1726235695
1991915982
1808034699
922812539
840778258
1225136886
377314708
471169128
34615344
1321075086
610478818
1399682944
737428992
396973647
1763384913
729746327
1765805240
162091116
1062880287
1827096952
1380872686
1302625549
1602968909
874993497
2016362990
1169886279
1469013856
2025668657
175535998
315372219
1526476473
1050359165
2041740611
1669993896
725224866
1775064493
1145846213
510741126
837645268
1557408335
981353946
123690092
1179190940
89466561
443638766
1333885166
19159789
827751571
293871927
1267345236
22306738
1095465381
1600194359
975396083
1772441842
590576170
2053000719
1060244260
1240301067
631520996
2069527704
1764502260
1291978249
627387183
1753106997
915548585
1894791246
1585871798
2062447475
2016215337
2095783080
1879981419
1335100820
962211352
349984684
2025404942
2140822511
1892311109
1606176614
1091724709
1567580823
2116627739
603676113
845174725
629041929
1879473404
856438523
291910712
233391477
1725789976
655773813
1485320150
739649555
1732140464
1503738914
1989160171
1672704879
1585786413
605379548
2040947790
571366068
1633250214
1617061487
1456474101
1470523068
1850621818
495785085
2066573263
504697963
1441343829
1985494242
1721712866
1432508484
307168800
311954730
90770863
424085427
1960597264
2059161901
113857572
2124894389
1009788786
1738369102
1122245979
1490891211
1703493261
505358595
2014195773
1122776340
402196118
2061111823
156372770
1701251935
818370201
1008687754
1151417105
1084841916
1435762994
704061289
1741372911
771761933
1692368282
1976369366
230104445
519373814
410404107
1447261160
284452688
1349536710
676413964
1771724397
140196826
1100299088
204604290
807172044
1539405124
1528517932
1900633205
1162743198
499659648
1837385838
851595966
1629228737
756247583
2080133034
20859718
1738613395
1890221406
801402390
200435038
843084963
2005533000
1277452883
2083992500
1736272663
1390680320
1092776592
2085761514
1943226789
645878676
886863991
2037587654
342298278
238687878
453866271
10492736
736904407
1688101359
719003729
1342383747
2021808694
162747122
1685875610
428371598
933458948
1669220654
369980812
1993099871
90460819
1377981804
179646214
1489521753
1099237719
1047206498
198323017
89596510
1837978455
1153520998
370494132
1343389432
1402471822
544083297
543520689
1279999759
1464018263
642389612
1962223878
1898645650
1645765103
948791315
1182229954
1709145519
781528084
1890265240
1430025879
1870555225
1024993871
1900560308
2131063848
1087465998
621231543
1421880207
968831428
1511555061
1793871592
1338969235
566957684
1630484993
2039697452
866651727
1994594847
1062302854
1502968466
1105346450
595331929
926179715
1016685453
548087601
1217029322
236206714
1798012718
566772134
580209879
430311924
824328089
211973923
105910749
1312108511
1317042952
1842248502
194907489
253832823
96359020
1521295821
894045016
1920866594
493962140
1608874208
1451778604
885011699
1119114638
587741646
27929765
1715562795
1652110684
1299927830
1379426266
251013733
641743743
1159143575
734214994
751336423
1300050659
328619591
363343835
1710163080
2139444571
1524318036
3035544
208947879
1636637922
82510967
1391067612
8801262
1593843200
918569807
1411203837
1505757235
994461008
335954278
1663915670
881856856
1443196373
490872431
470953929
1823435318
1168729239
181617074
2016809093
1211043219
1695564558
1220755195
1557270989
1002595519
549588926
1528840721
1143177193
1887725705
244801856
1936676153
1123964452
1750871977
1138914461
1294814970
200803567
1659249575
317487020
767513782
1337806180
1059066992
962033663
1205146847
1790585513
2049786406
1731809617
1924342971
520169272
1266121485
630793279
1796224228
210331800
2069431199
2012952048
16212422
1637553016
867900825
402610675
1172598797
92476830
76425670
1709185260
2131565155
792685472
38497849
2145021647
1665999096
505288056
1897883620
83512430
328359447
1285451986
1584296721
572735073
1878751076
575700423
1837958900
374889224
1369260797
1932793182
1480088651
577057468
1391071743
2025156082
1962111328
665136748
892763491
1853053104
964919008
1682854902
895905134
653749810
1680802518
1827022097
763304846
695038660
1480460282
934348815
880491501
540694960
1127490753
436809143
251224286
940656383
1307205219
249375613
1730628519
1288326106
113597926
906254555
1311129997
657858873
2024634976
1194029288
1256683105
345916869
77146974
1865499987
674914194
781193243
1210849436
729367749
233373810
1550590973
547949020
1167328801
393956325
2096965412
1993880703
1831803726
404752881
1900891615
1984038652
1012540791
188026496
1391543141
119090923
1058881826
706285803
1528517049
1335646911
359217194
1834509959
844367776
1856720580
1635206846
1866428210
385884339
1971269312
407319722
1628977038
1849179332
1116093043
383847492
1800813847
901475667
1475885048
450301529
394856287
1916995452
2006786639
1712017575
1367626484
1806793940
1068958828
1058752212
464129894
1443778625
2006657014
312957948
1569676786
1619859149
1320907621
115287209
1512065017
588213881
826543713
540427959
1594557365
1621694887
762256899
2032433712
303579754
1143342726
1056856476
1192650465
36179250
1214323246
1433406056
377113095
1931874205
795872901
1935479237
527302916
1182936835
1262553367
753363518
1341074867
1102932429
1315796776
1685796728
1990293031
1184589324
1902329189
1409030252
1549407339
2824769
1249066746
1353391703
2067096189
1058414092
1918657035
2063886383
686036532
1840317422
321742121
1128163251
1120013986
2042053988
157224445
821110747
658447137
1215382947
143462598
1305957586
1176902571
1152939121
1884569311
1124480206
702118845
226380103
839454923
345665998
1355233610
193343050
1129327937
2135444516
1946828339
709698862
1927760022
466303228
453862393
1263098523
976908802
853944726
535854110
263798152
2095805030
404111574
741826708
1341401475
1347250172
1419318939
1704926871
1412261690
309205573
1606235640
302282124
797378276
845772873
1341273396
1083922893
178133783
892959795
1920411934
1421430501
1610631955
764031819
1143887180
1968066426
1037463017
701579580
1205032105
1175352516
2063478335
1025930860
2113734711
1254439723
677200686
1145050793
884746556
2035091479
1773827931
379673841
1102010854
583867665
1366518790
797931453
1831144639
151476565
2090554732
1253966953
350238786
1809858750
2054961628
1941141351
2098749409
2109036085
523900123
873603699
1010399610
1818653519
2099709864
269704493
1234458498
1510673165
1784507392
170876882
1827020832
2024612653
937189055
1663504766
2135783782
987321208
523510846
49829162
1252151650
167857611
521275746
1489705074
174355200
1130838562
925582456
556938527
10572641
1240490559
2011979481
810182796
1728012558
2064200255
1551508091
963582842
823153644
1599474254
924734925
544408230
1892380322
1560045518
1851152258
1363679388
1185043065
2096246678
1777760163
1898600736
403199896
614930967
572092553
331963437
523450430
2025919470
1207260816
785152310
227438377
803237676
1588467864
2056470484
1581278510
82257065
63178433
2095992401
1227389086
625290225
2010656100
1849116431
1725370333
1994738606
123278663
828917290
1295743886
2007845935
1323051938
1251897881
1154232557
2127330410
1483539835
356933026
1976857962
1192756147
576679366
2013952251
924789264
842347099
373502264
1000999321
1441801366
1397823577
1290145963
1860136944
40985935
1117915041
174020548
1330053416
402137113
912998390
770061753
274534267
1054482591
298785156
961100255
711998569
1599616246
1904236652
1525109578
169685941
1089941254
1477838391
643502444
929113664
1143234831
9711294
1905619059
1150906763
2070151310
1681727733
1352498140
1879773655
1959291414
1573592640
585776697
1161566664
1906736864
910101705
1928550344
1474307357
1332162548
761533020
1710646781
160704534
2001618721
887321133
868750629
277157947
329804831
73287088
248986467
883903703
183976022
1681737014
1380272405
140905909
875120275
1696945064
1296396198
349138292
1005985148
1776319677
519394002
683940171
312503817
111373483
1754347840
453332777
1487625792
1774936702
1646217607
1286953078
1222386297
1296177902
1153117255
2139372326
243468217
2104367424
627985227
1280386431
2062702783
818350308
1358127847
1187003634
1179652679
516257815
488849159
259594827
1196035161
585241815
625291468
582237510
259989722
1741815882
709850186
1089358778
2045717130
1994077473
867856800
1052851179
185271719
1223635453
599802422
1784905256
600321822
228524137
24396437
672279078
410532865
444802667
1476858668
1807244312
503655690
696321854
730092781
1451784093
1705323938
286614795
1816419634
1555515271
2083595248
999231582
1869904127
555683095
949103244
1769632100
787089572
548232914
957905559
1997678809
2038843855
640684030
1861633080
730548530
587219423
463693628
1460356656
812398590
620894695
336405916
1011837887
1926786871
1573994952
960778367
285872727
301284365
2108706681
1355554600
576260307
1757938837
772823287
1342460175
1054243696
1270571893
1421305262
229247030
1845761275
1357016638
1814757774
712867113
958028366
1830185269
1556826324
1685344380
2026725429
1517515684
556597911
849566599
520373889
2042705413
750153230
462372950
1470511384
1873624919
484797611
1084175293
729835047
251146567
1028936700
1751396503
776353620
742742651
875825538
1104610999
272323482
867372737
1690394609
611020783
268384490
1022699908
902889858
2032483216
1917408455
426775378
501421411
1925867613
1254842283
1877285365
44920507
1898259900
1818499058
207369498
942544207
939292757
2109889176
1197742187
913841239
411853083
1073883287
728780437
1509585519
489584379
1983661245
745561954
330660527
556338351
2071789877
204145119
1700016433
265305476
1241086734
1408788545
461129763
1192241378
1526745060
749154863
1081868590
440546372
1227620727
1693865402
259875209
271073003
2071740051
593461054
1617915130
351829123
160450106
1809998957
856297179
1347224047
775959055
1882659857
1519871181
1529748011
357313101
115108148
319571631
375667728
1637632341
540833219
702557885
667044101
163345264
1165570470
1335966482
187180272
1703889756
44457919
1468876337
1255749247
1476283682
1773084909
1131378833
1642886817
1526292167
293281836
371743615
790121655
1006000516
359410659
686110127
398813673
546264125
1501703456
1162419649
890919116
1724515400
418054967
1884515084
1927808279
674780719
1578045724
1032020770
1558398835
1823963805
767378944
341995463
1086930815
566237404
11756214
1089090271
92934633
1658080073
1893890519
1909550863
826433586
15543873
454304476
311574570
2073625823
962746502
285294745
306582379
2014396397
380250592
857307720
176491209
1658134190
1998275337
708797150
1612536743
1533877695
1278631104
1608278022
1164458541
1284338868
1690860931
1652432470
552227705
732047780
669002583
1426869398
1457132224
635204132
602037639
1295069178
1634026619
1975267029
1015898098
205721198
1319518179
835129444
1593529188
354113830
388767974
970786823
531106596
87260722
1648438497
1039235757
1551727609
732647025
969613243
1884847109
39023819
1063019190
903875927
1590059847
1532719248
1504865752
598217998
1803113568
1720547267
1143224886
1013982664
1676346870
98047314
837495346
371470094
705190721
477132858
1424566177
1754298348
2106154698
109528537
1072440491
1414351762
789854161
1476805717
257650045
1802531768
742283061
1667595618
799562430
503977727
951779921
2010600674
1437747769
1158434143
2022531901
31593835
197202187
423044339
1878870256
1096230774
2044860201
251948093
1150361944
797406866
1718819460
200820634
1496391353
1595223586
548815155
725640611
1392541257
127207710
813961123
1646681969
1389574063
2010513652
278347078
24381658
690688768
1902585238
735476723
2005483819
536101342
628443668
370351439
28981527
1990073628
1725575825
1381777342
1496060021
1888763056
168253149
1342665292
344156271
1855397356
1474710916
1927169668
1515142256
1863738334
460724591
556283937
309149042
249510541
1614050552
1684635616
1770786027
355730604
447901062
19292828
1096960864
1934310034
1841589260
976500450
1431513142
1232542383
2029332805
637363520
2146200474
1994144261
196018918
292315820
774860275
794910371
1154565454
386550502
1670521935
967119702
1313234789
95358530
394467911
1409435019
1424428782
565582220
662515495
601627329
518467462
32513784
1751263608
1309953716
343032962
1842350852
1137264943
1423184431
1893032328
735055499
1270770616
1106788314
362967997
1683299293
783094948
2131040583
157507515
40897411
1073632299
36323384
375530044
2118733131
1449474090
1687307635
1579105091
839735115
1923616646
1083667913
294994186
1760642005
899447882
1366241658
2135973854
12395176
1771714479
790190511
1280120636
1643597490
1499682031
690045303
462836474
739579753
1133380830
123996625
1248662626
1495628601
614536303
1634535106
661807504
949900463
1271494681
1670216528
1884948298
2035502211
148926978
1358786368
641084793
1396316637
1786538796
1660826270
1518746158
1814833979
1420132334
941690842
475950877
1271739745
1573789098
2030963451
2084592015
509885338
951002428
1506161137
437589187
1780113908
1014190632
181743439
1599496666
831468345
603990440
1192513253
781344794
417360662
1791315097
1388194914
533019881
603987624
2047048734
1421685456
1070426027
1621127913
69867935
1029397809
1842363598
374042575
2010017106
1875147001
643041533
47656547
1088304479
971595090
1601656880
1452890836
384657700
1860465011
287009356
1605910847
1482705536
1745897695
785191100
169222402
618024861
1530231112
1631020464
1818906274
1295712539
1715422325
764299718
600377801
593708131
1438525605
958806787
1401492816
313135404
517239938
1109408303
337062554
1967285371
1758331738
1928137276
1540780456
1824744274
1844315157
26352111
1311000429
389100392
847729354
1289190317
2046776932
1118789809
1466051015
1316572180
2058695947
1823570239
371721596
1122055046
1528390583
1355367530
1848387264
1533229048
417561405
837308608
1165709066
1202279341
381296562
1305879061
21844235
2136675028
1451103170
220029387
674834770
1439702262
1665421283
924584123
75252761
1283529567
136521211
1870927318
780549023
1725110188
446838271
1625694706
322906593
2098992962
2073252325
562828945
1698974070
573196811
244150468
1501056803
1002269370
429198330
2017020966
1150375607
1167802448
1888821525
699667192
1445813006
1978093221
2064858313
1300396292
952005654
970415748
683689950
849570738
1649300746
77934388
320495773
1684408656
2034007898
793251589
1008809632
2127704570
1899783409
1125473272
823597796
809525899
1231505852
1696879956
1229985604
264248010
2126330597
1757104208
1827165209
586696805
1579417940
1453724334
1479818531
1116103117
819022667
1970013919
284303212
2049342791
561609725
75256849
634202069
10779598
406065792
358375334
1927570725
773341139
303200059
1978799703
1683766362
107219803
992497829
720665403
785544730
1788241837
431829708
157164875
1675784092
1130324005
1893751706
5572750
1355293509
1783003510
1651590440
440946597
612774560
982675769
1199720128
1566466022
907748127
69992622
122503666
1540172496
1733306166
1434519720
222518057
204819413
2112959359
814681705
2057666071
852190202
120878835
2097774514
956311775
583820528
1715288465
591939239
103956771
831012052
453323660
172959468
1178541616
1957050351
796620474
1302022491
1122307092
1385824801
1163751206
1910265407
961570044
739444336
90405135
923671461
1913721979
1978075237
1642210986
700912497
345534349
133128444
150999647
1892357207
128142515
623916217
466944454
217610121
720336498
944067992
434717250
429932694
2065517727
1781466719
584986333
2094867035
1397953035
685862981
572875379
992370161
630739277
1349988683
616790117
101585425
800354642
1567519447
2083008147
463371437
1985229811
2108505810
181626950
930419609
1931168069
1437684621
1415009324
745630552
1324100717
90588670
1091330677
1216546031
1811696976
2140094534
446260414
1779909831
2058308948
570381906
905214473
1390561179
1204772136
762591205
813897723
1426523500
708582786
1642013459
1695906811
102381604
201024515
782189460
639521631
1856850122
1182812485
1294363360
548351622
451291258
1593516936
757758828
945585385
851986049
2086407825
58859656
201355400
1994282503
1817526557
1856053974
121973569
12675163
1970885759
681062561
655692834
2090429178
1109214709
199455853
1137277923
233730099
640374720
1801475870
1790852935
1722577933
1623878627
1783309347
1051406423
612917587
1912947002
4593485
1904235118
415637999
1188047372
357396836
128541980
427635425
163348371
956315502
788339757
1366360608
1897207221
1242246779
531565684
81273949
412645153
145293566
1964192872
858156949
1501048550
580018433
1591547581
1389690929
1922325599
1473871615
1315842512
1820810091
592657484
779970307
1478184043
478639744
1329467986
1425436277
128937240
1690322358
43482843
1914659427
1369131106
1180323599
899312026
1819482595
1540842340
1724735341
1489643996
98187373
811030897
1193290599
1348944584
1234128897
1938690455
640504840
1001869693
1466308479
1479429722
316489844
21518431
298600357
2043701193
1383667767
1156542632
568010467
1295866624
1953332482
182665752
1061450960
367216979
1348870572
2052204344
140738481
596579743
2072266523
1665150727
1311317304
761398380
1663393036
824466177
1941597234
1283608870
1441539986
618335881
934611691
677917870
612593708
1237087980
1293370287
348928312
886010121
127221141
1911237128
1127155986
962735521
966161951
1696285298
1123831993
844195449
777415796
937645333
558778090
1261204307
287593016
1478697546
388060942
1081419811
812410712
1880974709
844578781
1693060332
1553863939
87711226
1564295028
73035462
736784195
143341637
309155435
416567884
680854304
1890929459
1043352760
1291059863
1428436814
1170043126
555620217
323817690
1654787366
1307135448
1020345315
665088582
1246064477
297559669
2147188617
919495408
1475551790
235044303
304893939
682177510
999177379
1942628446
990346963
1587106519
784471523
994337265
536239738
65747103
1745159780
1331188519
118166427
273767317
705385468
664014403
642256489
282345412
365517436
645203194
1309017709
1654070421
1091774680
312937923
1818438017
1522564580
1538223655
931272971
2103271654
651581902
22685397
1641506629
1823819167
1882933993
1321105129
1807090742
2034437812
622750851
1328364722
407662006
255931436
70024569
424760823
2036666148
1995654656
500593510
1544296204
1656103594
965692859
1564497962
789253906
223695289
419058463
21327310
1403285656
1566986536
2128686050
1943880313
2071033980
939485609
1988831119
1238194431
1838693589
268437346
1106464662
2136174289
58945663
1052128478
1947034608
337051811
642342338
704645829
997467081
583799105
302273973
56585595
1654262905
1389902005
879101941
2067016971
1047006129
686309557
1945593837
1283138867
673085817
177159683
1649638136
1497247912
1384342280
1424323987
1955545352
287449027
719262671
1518298314
294126336
470960024
1974092690
889468850
355080633
1495931705
934759175
881284192
395265611
486830632
173736612
1908551254
557454807
1844341953
892609485
1243498645
351302559
1668308387
1733191807
1775650957
675749245
171598847
1391264681
516032778
989291868
2146707280
1314023643
1624996064
960896201
167278029
2088461935
1110007117
693337619
1738219750
1714290853
2018398756
1464815338
116069826
573381505
341784137
359231756
706629406
585388037
683803971
1692892660
564160061
1460231648
2002414996
1868058964
454384736
727779917
2118792492
1835931537
1271820959
1510163468
723651750
1770743146
1326011227
1406170429
495593103
624181845
930240801
1117459300
670662595
702627409
219901181
27791710
1549408279
769662126
943799385
280516243
1599740236
394087508
264767248
151853741
605763588
843588934
529613273
1830182253
1680221521
1005398138
1674270336
1032727092
367484013
682446512
156449898
843872697
1235516615
46793567
1370037052
8718553
2012182621
111806275
516163647
1767077415
1581537783
2112511054
680731089
514797687
1218450623
2030179561
1225158809
1526615765
1991991123
1963596570
754320119
510224656
917269127
1985352240
791236233
847800767
1215520949
1024471835
1576473393
775961065
1008688767
1643596375
1756901857
1011891471
870538204
1659382957
2100449034
1944140863
1442853314
1172452692
1058346045
351162791
1113338524
21921493
1620340042
495014104
1953892751
668557099
1273955843
1940539886
124076842
647829778
688326027
718276682
1190793392
155984143
1120022611
1832735789
1815683830
851071852
1773085148
177625398
578253821
1223305041
729037690
626025061
820801393
1920280874
1094013807
157103035
185491285
1300317297
2075686466
1877149543
250311322
133120757
1664768264
2062107371
1762073690
69036866
1780237163
1151744959
301022582
1120564380
1428171612
65345220
1273716772
1526746015
1573485323
811489676
618012628
958291831
697916894
518133916
1607939595
1844253032
43058748
1420388256
791686244
1568761790
1243507935
188289593
402935694
1813081643
783384329
1627872223
644901083
958539861
322721109
282275699
636514078
385187752
1608986838
2023245915
485184121
368653505
2051287740
176647560
1378427417
548100418
689263652
377839379
879575203
2089106538
1691119042
1677725721
1718959140
187171278
1550587848
1643915146
1879331922
78712866
1709574965
1210668570
764629196
468138842
765023956
118445435
1732903492
1530555798
69615500
1834031093
1048998152
851194955
611058340
46012304
120534703
1833794151
15931088
1678182241
777008236
673130984
334122265
228592643
1764819357
1651972700
353128690
2019633320
2052284601
145583575
576585995
2095056821
158354368
1990948085
778190548
653157657
1647248905
894327035
2058573867
1361778113
730879517
1359705317
1268724266
1012663056
829646257
1611293599
562452832
1899191167
531198148
1056704524
2033547676
566852807
654073074
306399785
1069636250
1492479237
172036401
123145744
1734295416
1591959436
1429756452
521690951
1322339759
855901743
1400583010
262762457
1008545841
1233465209
1493396922
1973822999
1558577490
726422400
878450914
1864450532
1187342142
2113343285
1512928414
1174946860
1475426374
1333022227
710564208
1618304015
728003673
925004412
408309885
1371170805
1032736458
971385753
1368271992
690489948
491592726
1259292998
1373327064
342574105
150820779
1952660623
1164008281
313214155
1759082087
1722047202
1907060854
86792478
1070141776
1050485011
547816486
1374314579
482108216
257956572
1893674904
968053254
1457130935
1825337592
866808127
1591424277
750012173
795428648
1404779727
984024002
1431263586
598360234
4339354
465456335
235801969
1398762919
1503934513
1190480521
1599544117
768635118
1329424096
1727026648
1405448886
604981708
1024161388
656477210
370279832
1096115946
31670923
366051002
572002703
1239628675
1792284819
296044941
2027191368
1778674579
61761803
1205734539
2086369682
446052408
755531687
2133215859
1298268247
2113738242
1250895200
183060407
653484256
887513450
2063794677
1419737606
1395207928
1364400470
1194546620
1434661259
244392490
259684831
276381208
2118273749
1252673312
101669625
1255365035
1406626480
925787449
288493135
1111578953
183124675
163599186
685000470
1738147843
2051672523
459821850
854811436
772090009
1689595995
215685946
698440093
820012838
1130656979
1698388736
343172476
1379800870
905776680
951258036
1844993527
484799068
24595756
944984269
1352298175
1363443076
1507466578
1985945600
915567616
391265967
1086592586
1709923196
2128623051
242499472
1534290251
232089282
1868252170
477185387
1892240145
1587746421
1313740715
1145337047
1656381611
679622301
545351133
1433025571
1062612165
1267670025
1727951000
1307449024
258896258
1693589349
2060190345
815817567
439946168
726497750
1054553072
1847814910
1008678890
152722089
1182997750
1195906159
933584129
1040975999
1862015579
1420361832
1090410913
189878546
1225482891
2061312621
554904084
1454984864
738421602
400368525
2028306423
1910198392
488069153
564861752
1713644376
2103139851
1445215350
363724979
1875658202
702621848
1813583241
1903297203
538848805
1916495507
1257733666
1865495392
514487212
557667309
91817001
1935222505
219637804
349521112
822562231
963064316
1630472121
1777759500
362815681
300352483
822836026
808476201
525739265
939458976
658602525
164893140
978866593
31468590
301821515
1487868908
852059662
1316978068
1448045043
1402684390
1322126682
1293305768
120071351
794245407
308480394
155984630
268138038
996088067
1003115093
332933203
185926107
77683531
1918370393
1356080938
1099895609
314706830
922231876
1435240791
938284073
784874897
554507293
1685655795
1964331577
498217738
181079261
103419748
1815635704
1203461841
226184966
1838502805
1400318768
566298044
174534963
1053775348
584916755
2141794273
5178318
139342946
49876944
1013456001
40507401
766915944
262176715
202400441
860687567
1335308081
923825308
2026965173
421401903
1592210952
1372670094
545864773
1143757823
22049993
246826392
1584543567
997357751
1464933703
399079008
315652411
1501775324
2097487290
1591165585
56562889
1273515083
1935296345
790584000
597713132
1513491023
552030574
50988951
758742921
1253057719
1896301937
591670446
1415252098
763506853
1436899649
2064997972
2114612414
274557412
856709436
1813581147
1838304675
1606626863
636250543
1485534234
1877750662
1248597308
231351561
1494972511
912878915
703872297
1656974964
861082500
1374955376
142167630
2123121488
883506657
440476343
938891308
1348564317
435639297
2097219155
715018297
1878284164
847475715
310471192
1532826628
969504807
2020416615
1293291819
48132472
104878118
1416319646
2067678843
1029263840
271394864
1743486573
442775808
759779928
749292447
1138297498
1785213587
1635521581
156172903
1554663277
215186275
512378921
330042068
1501631510
1314269986
36598718
2112959605
172359979
693185332
648490117
1840073618
802826007
1642352977
1151822381
123549070
1078686605
1664303739
1502687214
968179392
1307446342
830749412
1965303499
2062057064
1950708298
94595930
2058312077
1724800759
900014572
908225851
103239619
57952940
635568702
1026717582
825508765
1561553460
1122501661
189674157
903838003
167006482
798573642
461660848
1245140156
1381264349
2035289279
1241125593
1710125233
1266628022
1862602838
371884027
155785647
1861963280
562962900
858211375
1071654947
768550055
1668167192
163059524
1347765993
291534287
243355520
1121478222
1733773027
1852002357
35013985
1042950551
8333528
1057955942
2016945338
351738163
1627681201
1301628115
2108964387
1768515619
224095741
1873633971
196937410
1084574937
1117194078
907490276
1119649348
1507920705
337594232
781458469
197225948
1109728574
2034048198
472216289
1320825413
1667978325
943922744
947207599
1592811327
867903322
1183859980
1679771516
774270325
1757885237
374623461
1333213871
754473125
489634603
1176635121
1042751492
537229515
714608923
216683076
1415671407
278538878
641806583
1678126523
1663845316
899959359
1466107495
735707579
1076526061
366173231
249372329
865672329
1808425716
638211407
1484395186
274155650
1199204714
2114221488
1922648627
1322540126
1989216529
1131165666
1181288698
42158174
1670656101
106060600
1739740058
351800891
1962703218
1782663906
1288591756
214381267
706623549
519768604
88147960
6892193
567430801
1163877492
1939079468
349860812
1660050129
1166101286
1920482876
589265810
1582769228
583030647
2107709061
2071268287
236419076
1136069663
1830121588
202517363
1073569384
1987517182
1323439636
540412058
1540583281
1665212696
456547667
959078278
1574000926
561519635
1384926094
616500379
1090396851
423374970
1245668166
83121537
1993297320
597567132
422599192
1303185496
1475312620
2113615053
2136673753
1561211840
2055491639
1328746251
729832550
2111732717
1128612272
1364802742
1461334757
842548745
1757305661
381423327
611216937
1542942033
1405646118
1344948111
804728342
497681660
1097559978
746800724
986597742
1019749849
509304521
145104957
1489712918
316232392
515711273
1265246860
1870363841
723327173
331366235
322981863
268778087
1518545867
571895294
26698771
1831427320
2105243651
872508692
1485595972
1607729475
1101277055
176496212
1672297252
329017342
1273723395
1089741245
367544583
144799427
1686833053
1934056380
397500366
223370039
2070022754
820728446
1723497962
96946347
175773064
1230512848
210068550
1787643207
687102016
710561207
1717508946
1150887351
2055497574
172237020
21260367
1064127653
1556420679
1811221115
582447845
223098904
859779408
1456878239
721378469
68903027
573927963
486682898
675878348
514082124
1085021393
318988078
1501853300
664298705
1887507905
420041344
577135485
1470703455
801204924
664276564
310734239
32921881
944447941
390225247
681326735
1178796082
1852654918
1316841660
2017148672
1308434472
561917712
1832650408
1691820814
1166175172
1971992277
1692171175
1764171623
206188575
376386779
983828670
1582051722
149947562
1858172694
1087835127
1110774148
1239497906
2116621644
1001074310
1133401980
846558670
157440700
2021603327
1469793387
1940272728
1776514857
282404030
602363489
1450773764
1884433428
952325864
529882304
2035170430
772816323
88361726
1426351651
1028809667
426396903
768429224
1282544989
5966072
1583620285
589327226
2144812720
1705080402
654443307
485819371
1538985680
33700434
924980490
507189923
668551734
1245909516
942155622
1008345656
937251529
966525555
2051885756
1914459082
1472528479
1359834752
1031995761
649606939
1775139112
650516541
133908877
568856360
2100129360
623864811
702763282
310649637
697514101
1155614672
507060768
782532416
1841193494
1117671310
907898622
511321048
908027838
1164006204
1330456026
826827561
990600378
1517838926
605847261
691342881
1982147583
1802968798
1891258917
38471118
976046685
2052945139
2108711362
1443003671
1067741299
57762729
1426221577
1985706105
1826252276
1886735486
379746891
887494873
1409484420
295836259
1882225361
1796870436
1042363809
1018497546
595617862
1579943367
877924395
1559254730
722470821
1267668356
1047071149
1485393573
87623540
583478800
2046582422
559227180
1761752816
1689274474
1025246967
1021797290
362248940
2089374750
1833174070
915889812
1578397443
1766538696
1829206096
657338189
2038386535
848628034
1328696614
650988662
1167527574
653744183
2080644798
1085556170
2132764393
1065836909
2034502624
1378048120
1514894905
1939103238
1066555595
1144927655
2052084261
669083886
1165321105
1644123212
1402763335
1455953156
196443550
287245433
789920594
128530153
1699420077
6841896
284172667
775892769
1772564182
1665564066
2053792518
1789947464
885924097
1819432370
1559758967
1254453116
2102093797
1411910907
1273449362
1906646583
909016923
1523337965
1987275712
624236361
88882549
885154670
1875652582
49431279
159328725
697962194
845234104
122574444
250240260
1026454116
711353613
1534556845
1366257908
2125796209
1875406143
1088964878
1034450768
1169044147
1634946773
890571710
1710626350
1144656170
643303867
1237658717
1340754037
483471837
615476660
1573525095
2053258025
675817087
925392477
1215395153
486229020
190593203
1381051718
1135486431
2078100348
391261464
804792518
1592865850
1688348365
456424485
500712486
193152202
1798308821
1200308232
1321629307
651829285
1410802795
216090789
961560858
25233396
20404966
2030771047
2055745595
235426398
1970887412
572020510
1148984909
1603930521
1966348867
640316122
558980491
1021912815
2043617223
297490504
1518602679
360527683
275259358
189022778
285822640
2032468229
740977421
2120510170
596260273
133119469
101806976
903358105
1075067700
1250248391
1262508805
1914519861
173150807
2060137452
1937965057
817385016
1870091744
686970254
1064055181
1772172100
293031145
827092437
523906990
820450269
997671405
1925921845
1310008369
2046652010
2095545997
1454986595
2000040426
309935328
913144439
1229943894
1188759701
705502820
2010021069
664296286
602882355
1252686800
604993397
913180023
2048808750
1362772554
855797294
474090834
669741275
1030958165
1346861019
1688215430
1411009317
285882793
237265493
1495542761
368132673
138896332
815288873
552488963
385305800
1519742414
663110633
1170234632
761617252
1260943215
946340488
1416844337
1863719102
974200063
731276472
93005950
1291681756
1184726928
590629912
1904634196
551561545
957762363
302664080
1924271793
1077620350
2088578845
2080320757
1426469839
232140884
2043246288
1308048929
1242856883
328599376
293215534
474030742
1758735343
1887063390
1628727605
2122862189
2129987677
470357205
1620449891
1468154323
503667101
1525310812
1015897300
1347105984
152333154
276890725
1148932066
2146841555
877541012
291716691
1120994356
236810195
870470427
235427845
1641300109
1448089093
329272545
212739541
1608592290
1344551420
1092295471
1756065658
1618050810
1285947534
346822183
1065049535
1066088965
2015395268
1418410445
1123907464
958988814
995585008
123491932
801639499
1361931984
53491490
1920430323
641156377
1546615040
1195312457
14031725
480735986
1018565169
692333001
1666926775
205206076
366286530
1123159365
1663774431
1478585588
413624373
1442321866
937650786
1075453398
479879264
430595532
836177499
1087722463
1966296652
1589649276
1746273197
1428694744
505379568
667620808
1563827347
710546637
97020320
230906808
86201131
2070372742
306651121
962601384
1837571405
1547704911
1131349794
1876120579
1713964382
676728577
876639809
1645164040
562706678
828643482
1226197068
1320630103
1642624236
838996381
1673363028
1783327068
764363937
120675102
299567980
781786840
615463108
154027666
1472274284
572330822
1816481061
1791971092
945366438
873210372
1290797901
1260464570
323772221
546316839
595730046
908928861
511134643
1098987320
1715564700
235305525
1909398289
1191721645
553540311
426710616
561995183
328074930
851456132
1678379257
1572416761
147533019
276328490
362229600
898305332
1430200475
589983536
462765709
1196823930
2002024536
250231291
505807442
1920481774
1034294896
660294257
36250265
770658679
1601050074
712463182
700477694
1205145789
1556624057
576399888
1886068973
641140921
293480321
345591756
938091266
1732930668
2074240621
271004568
1533040910
692789857
1628528291
1672876600
781333328
1994743309
891506202
512504580
1525686237
2053709340
2082224919
1540042192
552687540
1712854329
827202131
1916149667
1005928917
797528000
492534890
129700288
1164398688
635322647
1058933478
1271156596
2104773965
2009359745
1451320980
1399681210
133003061
1200248155
105396870
1011965984
1568024301
1510149345
1451589013
1263209433
575607410
2063759428
770658963
1601388263
468405417
710740864
178018520
25103127
425013350
1895112253
274360559
805127320
1466719353
1494944473
295646434
820925808
1102596655
1793542275
1618885547
785085866
1023096430
615334051
2124119568
1054747918
32976512
1916479643
1629361708
582696177
1320255434
1210194064
187922161
1492612678
1734960692
342053104
725418035
177623904
1765766149
1967398934
1912817313
2023752618
1449415233
99051390
1108620487
1959805052
1371285739
1181813536
475287322
2088255804
437855777
105150639
1512573466
1283942561
1736576421
653870609
127821803
1034887146
1964129123
1227770573
1202356037
96614342
26944659
1943875569
1254565821
1348142121
1611161228
1887265138
1770474652
1331451960
603790012
654268713
1698963124
298941930
1620921108
233770255
1910186079
236460904
980309093
311035146
577115327
448222824
995511680
121207932
897931469
1209761634
1350591830
671951015
1878488972
895291363
1641101565
630340708
1324174
1928665243
1294406595
1466053104
927343327
1297890985
2083276767
1883522178
997145265
882590071
1695643820
25968682
1534087666
346426248
1817579763
894860395
23203044
1216510741
1749879606
715130738
209468835
1782661856
1293635352
1429607669
1012223690
551634482
1321235860
1617588330
1774419926
1983394754
1288139955
616785008
1021446709
294613032
1089344030
1384392788
2138206369
1532710308
1773155086
2079343595
1338246412
1979723214
1427203372
82926473
1356927468
698241837
473897380
2087543131
248273628
1281440184
1129914488
2103902651
2015844602
1487355122
397502064
442053543
1750081064
2042981526
1925125895
1945635112
469832383
1672115551
1761287855
60450307
1862827740
827134402
168649900
1129014903
378013740
1807437155
211445197
1962488101
833946497
1824275191
193145592
1347297919
1880511060
2062627722
1376849086
791177995
1562928618
1662649084
1703763019
1236668795
1103248548
901730742
102498805
31148835
1888831144
1338319856
930420070
2093026767
797402032
1704492215
1859781519
519138340
506821929
1903959748
708803477
1887057319
1262297858
2076336690
870405662
2104034744
367866273
932469538
1918109439
950368223
412775754
1086195436
2018513140
1000034469
1244871868
1678400279
61741211
1948788450
1568935193
361507988
1408915870
576925481
1230523359
1805848114
1374646694
639053786
1935899205
2092261339
940594726
412771157
1778152531
412317092
122977076
163188508
1849237602
671951577
544745248
822422573
1840513994
516514316
1166626600
1163147010
788732015
502532289
1107516577
1893428801
1249392268
1904508245
1490095656
387468227
188303036
19147996
103156825
159779844
150671442
1566665575
82081099
683637307
1586056496
213285293
333859535
2096001369
975334052
723404381
600449515
768672602
1238371603
1125389759
22509567
1149378681
1962739421
1548386067
864428716
934681203
1886726785
26028471
1692664802
1868712058
718763468
1122912317
475494851
1239425734
1200251196
393755836
347738498
1544712916
1551985873
14570012
895179182
295650140
1800942619
1741126522
96685637
1955928457
429604046
1704412485
1977384528
252541922
1590836724
930444724
1494513845
1106445309
655120093
544685338
739913370
973944165
1641824650
34690792
1618636266
93418892
2071481453
1951097634
2040738047
1452617062
1526737143
579282177
118570381
558591452
555634867
1904759897
433536302
1959073647
582822171
2108313253
177285447
979575470
4351919
1612206452
1363238404
494224183
114440853
346161885
723736272
1976721813
1296574680
647776599
1776897822
661280632
50477417
1046750613
246290416
1287287971
1513295271
1772185262
1607614680
1581276413
1795058313
1600993233
1591347165
2059683987
1035958972
1610490750
966853610
1554720609
70848922
717779823
1351312735
1422813571
225925364
2136295831
657603652
1160586654
975114608
320805675
625898429
1127756680
600646639
541224528
960638780
483553830
393349708
439500455
760570322
1215627506
347875558
916146720
885735194
1781798407
903171214
1701739608
1167200999
515006073
260851896
1158360469
840962607
255269512
2086303693
1294090083
1297941127
1533503834
146477815
268460341
127036121
18681624
866321966
1471499883
1981369565
1705778484
1129920308
1823605777
343282523
1097356703
517801452
1087662017
1482495525
655122012
39013699
1275687863
919212717
589394563
1372224332
225445599
1767130864
527331341
595878872
1845577565
1751800421
1914839173
1322547106
1321480312
1899518901
1761216866
871460866
1441345092
1454379261
1514368451
16348793
67912951
2058167510
164050297
1775512381
1303012530
1472413021
1105680286
107825234
2120628734
938499132
788743090
458631653
1070954558
764044105
1407664374
980485397
558268410
1431204889
522736138
1590244913
228156861
1225225969
711549602
327751957
1228169461
844325446
2019519896
135886331
2029351413
1181362743
1440883152
1269188991
1194462897
374211253
67132084
881475918
839266867
1860919763
1758032233
2003921610
1215457339
1057519264
667102724
443954780
928198053
875980309
1591233419
1365790495
1759276239
2057574085
1464690680
1104480003
210387661
1984583930
1304656862
160909115
102242373
648678151
12320813
1552056239
1700079621
1043680732
537415965
1805809984
428750015
1541631457
1251149734
350432297
655430786
1655258466
1276986994
509632641
732454215
1145593983
1845441443
887779657
1599412281
2066811769
1650469390
1272338077
221071299
1949771243
1196454384
1128549103
224552077
1436818093
785087453
149170705
1386629587
1903715362
883909842
1650869543
1031696619
682886035
1954357469
441262509
1844131861
163124029
333321669
1061778804
1410934882
1587956533
1047812452
1833635817
554455303
765422007
978941199
457907686
1069024519
1292591814
308042093
1553345733
572286763
964570994
2144167794
879237272
2062832320
975325820
1546864854
1838889158
1124147755
1408524113
1197421819
263483238
1114141268
1566592605
1117413334
1081222074
668956399
1675959497
2072662940
317729509
1043470062
899028266
1532438664
210926464
1191715959
1585599912
967848087
1831742466
1507797256
661022801
1618879130
322791688
606026013
1025054670
1518819855
449010103
1191847893
1714779790
1023882881
1016877015
1437993484
220006212
527642277
1981105756
1079344909
1749121204
402674527
455161850
830827385
1469658431
123154815
1943295325
80754169
1577192908
865679588
447822968
567698789
1655844243
766917336
1969684819
469914546
144787311
728321041
1117928106
912350325
1301898539
1116216865
1400966928
1674463064
1414145140
2141417704
1592144845
899160493
1998272793
1482106033
762454664
1652633223
1951358196
1366363482
658316847
1791253699
1688753603
399724741
969736599
1088759491
1401366393
2016295988
385639239
927603530
2098101741
1673678098
1393325987
829388445
768095808
387845051
2010517222
329873924
403265141
2036077096
215816595
1644640885
1844400299
167409536
279599274
547782593
1022567740
432367667
2087918894
472068970
1892635193
957492937
1225683506
423375375
1447634676
36967379
1473606944
1893487902
62855956
513310081
1532627391
110323668
892742576
1816923971
2092633521
258150938
1817971537
427102425
1705792973
514873560
880045878
1097293554
677199448
2089230931
1490893708
975115916
1557887483
938149374
363409612
1877942375
1802387141
589700372
510996303
1785071657
968188912
2008631629
125919144
2059819283
1135681511
1642087688
1484992087
1037056300
2004056571
911873138
35145348
284655097
1147370552
1590833115
2029809030
1867982064
374691642
1580675015
557399815
1040869363
991520792
277705914
852436717
169425342
219483463
1765420966
2051832602
424292653
916810791
1265042232
1379278853
933955727
796335386
22089707
723343658
1336751644
304748300
1473062695
153162967
1589840518
278885255
1947998815
1779370027
790314383
1490890484
1846298600
398858844
868245864
2079989862
1151271864
628042063
867132575
339244544
965758595
1599669187
103037819
1218206511
525162281
126836263
622023734
1740129696
238123548
1613393726
567961229
1589646014
2012767012
767509789
1215383525
87768561
867173907
1024140979
1745830834
1220492404
1037247756
1109355214
1615202993
1334910014
743323503
317599512
986713170
745368886
560743356
1320559408
259748604
522344078
1705733312
2035112186
1896892896
48000281
1445492601
482753132
991177321
263660834
978797293
35787840
611935537
891378488
701323376
654141165
2139559369
28276521
1893870453
628454124
400689340
1839232586
416034863
1435505819
954609663
1548157754
1391533294
2096369849
872482407
343631168
1179666705
1857094918
683101309
1182664719
1610570863
1560740279
37433833
1093936893
614685724
1989363463
235742327
1323855835
1295080146
672485629
1526224282
805854167
1212154290
1288076054
912854165
708467393
1363287799
1065243383
1498566779
1881629790
2125553077
1314855384
735145920
1944737576
572858103
1993485517
1296989117
368797703
281238119
1072064110
1544648287
1926791051
1063060317
1578905107
69421671
1061762666
320107446
125267664
702879284
1927615310
2093882182
402988129
486606880
1040515855
1408700732
1093541356
604385201
1322013567
583691066
779121865
2113679101
1012816012
370148644
914322814
1223447064
988445522
623333722
1873690241
1359573547
695020791
1889217704
1908359361
1137464518
1905024104
1276602032
1433018659
619202324
1238830709
541605248
2133336049
634984595
1904892562
1513893021
390662874
550454322
1639328686
1770914374
1190554169
1244625580
113730548
358817914
940788961
1262645256
333845406
1297313364
1209692407
1370490766
1319059643
1364330059
2135842483
918381841
1286950096
232981148
1801393839
1044587017
175505537
190062090
670586030
1670261347
1787521506
1251694361
1039675892
889070153
2081517047
1058275711
777027061
1558460897
1540821808
1658084220
1936883498
1742676005
670118950
672080181
328744105
891358449
1291793512
233651317
707790055
1619547678
1743597729
896864619
602233524
1563118184
1087515236
2006677237
1389906280
50284251
526259537
1233152954
1908609647
1855130631
1498697364
1165886602
739463339
135742869
605509858
904752505
788156770
371335258
1230270817
2046368511
741942129
771972214
1553209028
1008281247
994136473
1942837874
1902121904
76694667
1976716257
1813075839
1778994327
1151165266
1262184590
1570519418
1731944754
425875433
520971217
660747732
1545823593
1767862403
1034581170
815494138
1813014510
1513969117
1922646642
1766943663
1806914759
1258519849
184090683
70846555
682261681
383600658
175638537
302144323
842098710
1035889214
216295773
1532103750
651835936
1244876559
1724344829
1485519660
348468128
1061963902
133458721
495922519
659498860
2053047449
1146359699
1091202641
1374168634
1249339647
1559457125
894897376
1882732491
2049127206
532880286
1457865781
1836677591
1836057508
1243820882
450980755
928465846
772878886
1398306269
872355530
727202364
350956680
915372266
74399659
51068061
141454530
1704068020
1507934009
838364583
1278373291
1280708369
1503353996
1763795556
851711860
1522471542
2028208392
1736192869
1664499112
873664763
1286765874
194394331
1790272925
1024802464
431628886
911496871
2052279345
495724782
797861478
2077495748
259264016
1822063320
452141977
1580472261
107942047
671301120
1555702148
1847345327
1368332636
101804604
806840281
1625441246
826104572
858744281
932329880
1855260847
458776386
939618475
1743326274
1433753189
1155561649
1336960299
1868723431
1464929091
892929504
1510823311
1747152074
1570329716
1946108799
1123098366
848321846
2138771618
356010253
1894264957
1038229396
1741190522
1960530167
390346748
585649148
1814837809
1226646211
1562124688
863900915
727398300
1609434198
1249248203
529810715
2037003155
1365386713
493971167
1263151247
1093690624
58030094
1663440504
330899917
692006518
1903824603
477913257
2145285465
647770760
134052099
604659161
1082725134
1237844676
1007881046
925775335
1715029361
507201370
1800092164
245448303
1303918260
598542511
1629121887
917139880
1578454562
92497585
349592881
1381045436
1031800696
820773969
302928297
1416377280
613185597
485304560
65275668
2031895583
605576183
133377767
1440485982
553997387
974288456
347690527
1767769161
1868385549
1167093785
1134968886
79244657
152261231
1891729128
520779532
1641696692
1021444542
1659650222
124586827
1052330325
2045193641
495256596
440822129
1565877975
716187716
143489971
319845956
1494557137
1708944063
1800811249
774579279
1900442019
1093211729
1266700055
175714722
453775442
1853563851
1323371258
1620592776
962284018
1274555446
1378251215
775487697
528753173
1801993980
727862811
1306724264
734418385
114511922
75397723
1182098722
2116305799
1056004032
2113932488
831808638
462174419
2139959852
1561859369
1113741737
858275035
299583781
513434966
157253298
439444439
907159113
1993945541
36987778
1032218617
1357783548
528502642
2104035634
814376050
26764872
678850711
1541418139
727983686
847084943
919418160
1498953591
229514027
1342324322
1153388305
1876312353
322569102
984707671
1453407288
1773868048
245567760
620566691
838232686
1931896952
475997517
1306353495
122904476
1892364521
266668223
243532132
1394899190
1535716253
1770920117
223086365
2036741115
413891775
2060719127
1744459187
448617049
1699813428
33358598
1629118394
1902139582
1649294597
2113823762
1702044238
208761976
1838492613
2092762623
1115049870
1613066585
855465672
2001410611
1493060075
2035972567
451942793
19403214
1495034529
1571097360
1591240684
1232893985
1927426455
906832159
2104503329
56975370
658075081
1379410747
597452708
318995234
1783573160
866025222
1004682205
1476659793
986149551
489504140
1570444061
471626257
329070442
1389765815
293151627
2090617615
1373532925
1984705553
434843959
1483429646
643760264
1345327068
1132940771
243284837
471301644
2036022519
810830675
57672355
96354318
1037702990
1591683416
1423059194
2083013446
1973829344
1463425463
1286290933
955714794
1020413490
1071667170
1511997448
1094150287
1499671487
804276923
1661083368
482412185
6232263
1479288763
2106536502
517954513
152860790
733295018
1897298788
1481408184
1744639253
1029859367
350836895
1747348121
1656962780
2136743012
817194437
1493969699
1915159952
1253646658
1097083236
91557745
1728534664
120286192
377691738
646849261
702752874
1686067084
1722120236
436619638
430063553
2086891954
1804014101
1533230396
1234649040
756812510
1046440720
419787738
455895250
1038964231
1082790640
1453226501
41578110
69428139
1571889023
1661077087
1828735240
1452232886
410004091
1884843493
313328651
1400987403
1652039222
215746071
738353759
1426613540
530337343
1364355205
1496724350
538195930
266231613
751795497
100034583
535185149
1431573158
780222576
1468408439
992749433
679629769
141296617
1255570004
1557791375
236745973
1334060960
2066904789
674893468
410849596
798043798
97084681
20727144
1222971199
187844651
1649237892
1816798722
150734138
1338668420
1279616431
559237524
1483017368
1992831742
594571651
1969574211
1274873356
649996943
300167194
1905881654
1546938104
952382248
485574034
1198220700
1115891240
2103259301
1704068522
1182816749
859635878
1546078600
1304113945
1654395396
877356430
435685839
864308356
1284971961
910363130
612439166
1702105096
1110509566
147347322
1125265602
1829723799
979204181
496381657
1237983755
1421305917
1571189527
948258471
1389194943
140930560
665917418
1684428370
536286650
1112630619
129249054
165311154
1123357090
1019412851
1565076776
1898853271
816528107
1998332676
111690102
49479695
1155278382
983372066
619523598
1375883711
520185939
1494952970
1196233331
376252813
250571240
773857957
1799357666
2076067820
1793008491
871039039
1674666556
676660381
1524117301
136345177
1206142609
408645387
548282476
306728299
651169826
1006727942
1382024667
1123681419
105459879
1967748315
1393363407
1340554390
833322526
899314809
260445436
1520919892
433195208
226492800
453837902
1644108102
128583383
79438851
1541546672
121004766
1783395409
155325514
1624144241
769923431
1825452053
901282306
779305061
1707172824
699293117
913199597
951140927
1640041348
1156322487
1694241864
1474458183
601695414
478157740
70869328
637091292
308349602
437332897
1089935408
1580945680
1198608608
1373452537
324879822
2092524616
45961180
1026577348
1437341771
827282234
1835996498
1904170073
1813011280
1186746490
2000112477
1182691742
17761499
1825003140
1177500118
1583749350
778728968
633350956
229394538
1181515593
1646221761
1886798962
926157026
1163949967
1645039482
1713793279
2058178005
1929188134
472798433
71712517
36311542
1758139333
1871845941
599858778
1299327935
2126924319
291054898
1329210553
2077624206
1058156830
1728524233
1748307481
2108298355
344069129
1876694878
1035950452
878130655
1201759383
1019108811
1649178435
684917302
108279073
322520755
1831736099
1236498027
1539196271
777786021
1802922435
443093726
1438913606
1970303663
1802702203
364254876
24985505
208233041
4020805
852702115
1125603722
672085614
114251460
788141387
2062828217
655838017
1804086863
90390322
1453982329
1711689411
1715024806
1664691136
1079253504
5863316
756229338
1884309880
462438038
350837484
432023588
352278018
1365720169
1558267258
137824440
697532317
540299426
1550074288
1255889765
431104855
1969775771
1639475175
527583224
2074282099
1286675496
939596445
1173322117
1344539845
567410774
1217949711
1524500671
1320106188
1971354484
1143156266
2027626884
1447051253
833180218
120734528
1122897759
700872895
1729444350
111505083
353581077
629240459
365975229
2047548003
344284268
2036076397
1642092651
1747656758
1813535087
295705963
729820099
661399998
223504567
270611304
2039509077
465715385
116219857
14501970
545988948
1165951710
1302077914
1394082925
1231359648
562854921
1787302307
1549564950
242430365
468323631
230303450
612650437
1262368656
1858502026
268576705
2019191543
1657358498
914753136
291847017
96929640
793133800
632501700
698248990
72244958
674060868
849627724
1422155266
482025153
1587761718
310587081
1712217215
1514811585
1883060897
209195380
759239021
813120801
1966702462
1793271443
1361580693
932206682
1980170999
1031542682
569704846
1796891237
239344476
460807158
615383424
188047976
1108960285
715332762
2055559858
904143218
636503577
1465868787
704664141
1366901738
417213737
397025427
1212629758
1216225503
1603146364
1034436885
966217477
577000888
1096773584
600196580
998911566
602551976
1865356786
299262196
479220572
1382052663
476659708
1306286199
1604864318
1696225770
362028652
76828160
1387672520
1257916128
797593598
1106987628
62925626
1010566219
2025920669
1994268658
1589406103
1929135610
1015696486
2140930409
1355361575
1313038392
1194290477
92017878
1798197646
359552295
184317815
1873235365
921786598
942892069
1589012389
167251067
474954818
2115254791
1548489940
651049966
680071255
2053577469
1838899157
1467897507
1993764386
863771830
1709711224
864760987
89934645
899629011
1224886825
545553198
1255618052
1927483008
1296575150
1071132915
1174696294
1273234107
296750864
1334268235
1943563487
428350279
1309833582
1830487478
641947161
494152242
623269293
1545669596
1901164739
1260348194
2106288807
1833110273
1298683013
1396244743
134488080
1190334949
247738487
569462534
1610878795
907634452
583668572
1147931012
456853377
1448812029
75327777
1953194455
1445345315
144901776
879651275
1440566238
487007721
1255154235
884228230
957945399
1648570531
2253898
45380640
781202713
1228627331
166467259
2128683844
1435848288
389487134
384434326
1416835675
2055296721
2045319808
1829665310
70070273
2103456014
1650488512
1360006658
1746365226
542137112
1656308825
1662995960
1827941819
392113530
2085839375
539197332
2040881619
1923114721
935860280
2123592923
1761818665
932215779
563355884
312300716
1360939166
382958944
677719729
280234829
593044939
1184960023
147814228
1358590591
